y;x1;x2
-15156;-7305;-7851
-8449;-3598;-4851
-10472;-2571;-7901
-8551;-7928;-623
-15913;-8599;-7314
-12121;-4708;-7413
-5142;-917;-4225
-5950;-816;-5134
-8263;-6790;-1473
-8150;-2423;-5727
-14028;-7308;-6720
-2892;-602;-2290
-9848;-5213;-4635
-12320;-5182;-7138
-16120;-7715;-8405
-8236;-3219;-5017
-19102;-9110;-9992
-7005;-5093;-1912
-10510;-9172;-1338
-5857;-814;-5043
-15764;-7814;-7950
-11503;-6802;-4701
-3691;-2434;-1257
-6339;-2191;-4148
-13382;-9342;-4040
-9400;-5237;-4163
-19857;-9906;-9951
-16139;-6410;-9729
-6684;-6352;-332
-4457;-2171;-2286
-13165;-9723;-3442
-11292;-2002;-9290
-5539;-4031;-1508
-5745;-5349;-396
-10718;-2342;-8376
-15633;-9718;-5915
-4108;-854;-3254
-11195;-4105;-7090
-5854;-2094;-3760
-8157;-3363;-4794
-10672;-762;-9910
-5323;-3422;-1901
-3857;-3160;-697
-19433;-9758;-9675
-10258;-6357;-3901
-18092;-8284;-9808
-7652;-2565;-5087
-8101;-8083;-18
-4529;-855;-3674
-9250;-6746;-2504
-6249;-1676;-4573
-7764;-2208;-5556
-3450;-32;-3418
-9123;-6719;-2404
-13766;-8465;-5301
-11431;-3535;-7896
-12654;-9626;-3028
-2720;-972;-1748
-16122;-8055;-8067
-10218;-7471;-2747
-12596;-8196;-4400
-11575;-2780;-8795
-11026;-8816;-2210
-9547;-7411;-2136
-10303;-719;-9584
-12611;-6404;-6207
-14550;-5357;-9193
-7306;-2358;-4948
-9994;-8160;-1834
-12442;-7852;-4590
-3946;-3;-3943
-5571;-108;-5463
-15331;-8843;-6488
-10855;-9929;-926
-2903;-207;-2696
-1856;-1608;-248
-11864;-7685;-4179
-8764;-8412;-352
-8072;-6932;-1140
-3109;-158;-2951
-3577;-1912;-1665
-9011;-306;-8705
-11037;-7545;-3492
-4968;-2466;-2502
-7897;-2181;-5716
-13572;-3577;-9995
-9891;-3527;-6364
-10403;-7247;-3156
-8275;-6226;-2049
-6381;-1479;-4902
-6470;-3406;-3064
-4453;-1948;-2505
-14523;-8317;-6206
-8524;-1970;-6554
-6076;-3426;-2650
-10277;-7805;-2472
-14236;-7627;-6609
-11297;-6128;-5169
-11831;-5597;-6234
-9000;-5292;-3708
-9757;-606;-9151
-10418;-1757;-8661
-1004;-904;-100
-2713;-1632;-1081
-10902;-4128;-6774
-8643;-7064;-1579
-8605;-6875;-1730
-9588;-4357;-5231
-10288;-7136;-3152
-8791;-6115;-2676
-8768;-3216;-5552
-7815;-1826;-5989
-16835;-9095;-7740
-6911;-4699;-2212
-13739;-8809;-4930
-10784;-886;-9898
-9914;-2761;-7153
-9799;-1855;-7944
-10845;-5163;-5682
-11786;-7012;-4774
-11076;-7890;-3186
-14403;-6299;-8104
-3916;-3075;-841
-6684;-1916;-4768
-8409;-4416;-3993
-13659;-4451;-9208
-1972;-980;-992
-8006;-234;-7772
-13048;-7432;-5616
-5458;-4803;-655
-7380;-4650;-2730
-7036;-832;-6204
-6718;-1610;-5108
-11854;-2477;-9377
-14237;-8178;-6059
-15264;-7410;-7854
-6979;-6949;-30
-13748;-4576;-9172
-8067;-3926;-4141
-4820;-166;-4654
-15186;-8562;-6624
-10731;-2460;-8271
-8405;-2689;-5716
-6124;-3324;-2800
-13561;-7824;-5737
-6635;-2281;-4354
-8366;-7478;-888
-9158;-1043;-8115
-6648;-4234;-2414
-11382;-8959;-2423
-8411;-4939;-3472
-15014;-9231;-5783
-14999;-5442;-9557
-11333;-3202;-8131
-1500;-814;-686
-4664;-1097;-3567
-8522;-3747;-4775
-11785;-8838;-2947
-3120;-2725;-395
-11690;-5014;-6676
-10976;-5648;-5328
-5856;-3939;-1917
-7364;-1218;-6146
-5659;-326;-5333
-5171;-2225;-2946
-6540;-4741;-1799
-11672;-9615;-2057
-10954;-4339;-6615
-3948;-1414;-2534
-4852;-4370;-482
-12364;-8734;-3630
-7820;-7212;-608
-7725;-6225;-1500
-14249;-9397;-4852
-10818;-5874;-4944
-17594;-8721;-8873
-14410;-6934;-7476
-8327;-5702;-2625
-16903;-7487;-9416
-12384;-8824;-3560
-6748;-4389;-2359
-13126;-7804;-5322
-10408;-9577;-831
-5698;-1340;-4358
-1135;-158;-977
-15227;-7616;-7611
-10948;-1810;-9138
-12755;-3637;-9118
-14773;-5625;-9148
-11320;-6317;-5003
-9319;-909;-8410
-17645;-8700;-8945
-10359;-2967;-7392
-10006;-6433;-3573
-12692;-8646;-4046
-4657;-1754;-2903
-10843;-1438;-9405
-10385;-1129;-9256
-6989;-1702;-5287
-7678;-500;-7178
-13053;-8042;-5011
-9427;-4401;-5026
-2046;-1764;-282
-8593;-2675;-5918
-15332;-9771;-5561
-15145;-8081;-7064
-13813;-6738;-7075
-10936;-2695;-8241
-14318;-8655;-5663
-8410;-2641;-5769
-6863;-2163;-4700
-2674;-700;-1974
-9417;-4988;-4429
-6291;-6068;-223
-8980;-4394;-4586
-5126;-3219;-1907
-9308;-6951;-2357
-17972;-8981;-8991
-5652;-3918;-1734
-3461;-210;-3251
-6086;-3332;-2754
-13079;-4480;-8599
-1795;-1306;-489
-15988;-9334;-6654
-8456;-4531;-3925
-12356;-9717;-2639
-10285;-2031;-8254
-11501;-7275;-4226
-14657;-4952;-9705
-10723;-4786;-5937
-8599;-4892;-3707
-9112;-2707;-6405
-7446;-3881;-3565
-16409;-7518;-8891
-10540;-5668;-4872
-10278;-2777;-7501
-16468;-7141;-9327
-5121;-299;-4822
-9492;-227;-9265
-11047;-6295;-4752
-11060;-4026;-7034
-4587;-2877;-1710
-7336;-6561;-775
-12193;-2309;-9884
-11138;-5766;-5372
-9503;-5377;-4126
-2188;-22;-2166
-12847;-7810;-5037
-6714;-2907;-3807
-14722;-8756;-5966
-10575;-9101;-1474
-14576;-9216;-5360
-6101;-8;-6093
-8139;-6119;-2020
-15242;-9681;-5561
-1843;-460;-1383
-997;-615;-382
-9652;-2562;-7090
-8617;-5147;-3470
-8132;-7978;-154
-10874;-1108;-9766
-11676;-4747;-6929
-5278;-3178;-2100
-11676;-7607;-4069
-12171;-6439;-5732
-10975;-3847;-7128
-4120;-536;-3584
-8905;-3140;-5765
-19115;-9562;-9553
-10353;-7313;-3040
-9944;-5657;-4287
-7626;-5402;-2224
-7534;-1116;-6418
-14240;-5928;-8312
-1167;-823;-344
-4836;-2769;-2067
-3323;-1680;-1643
-13478;-7402;-6076
-10698;-1153;-9545
-1799;-595;-1204
-4961;-3571;-1390
-2373;-1257;-1116
-1553;-1083;-470
-11372;-8874;-2498
-7617;-1807;-5810
-3514;-3364;-150
-6493;-3663;-2830
-6717;-41;-6676
-9852;-4725;-5127
-14833;-6203;-8630
-3258;-2886;-372
-10279;-5043;-5236
-6718;-4710;-2008
-9678;-8173;-1505
-10446;-4358;-6088
-3541;-458;-3083
-13870;-9906;-3964
-15348;-9382;-5966
-9768;-9577;-191
-4473;-733;-3740
-9711;-7903;-1808
-10580;-5243;-5337
-6292;-4044;-2248
-3231;-298;-2933
-12366;-7873;-4493
-9004;-3478;-5526
-15010;-7845;-7165
-1266;-570;-696
-12440;-4137;-8303
-1703;-506;-1197
-5462;-1029;-4433
-9607;-7363;-2244
-10507;-4361;-6146
-5784;-1599;-4185
-9259;-7455;-1804
-18225;-8632;-9593
-2354;-164;-2190
-7848;-3152;-4696
-6931;-2747;-4184
-3570;-1809;-1761
-6575;-5794;-781
-6583;-3638;-2945
-16504;-9020;-7484
-7267;-5241;-2026
-11698;-3234;-8464
-6515;-3720;-2795
-6710;-1745;-4965
-18028;-9620;-8408
-7158;-6011;-1147
-9514;-3334;-6180
-14175;-7357;-6818
-15119;-6646;-8473
-7121;-12;-7109
-3962;-2333;-1629
-4611;-2566;-2045
-7295;-5705;-1590
-7910;-5683;-2227
-8943;-7743;-1200
-16017;-6223;-9794
-4287;-3566;-721
-3824;-2796;-1028
-5896;-5662;-234
-18073;-9280;-8793
-9297;-793;-8504
-14830;-6721;-8109
-5225;-2803;-2422
-9684;-7576;-2108
-2791;-482;-2309
-15742;-6589;-9153
-14964;-7044;-7920
-14293;-7825;-6468
-9467;-2852;-6615
-9739;-9140;-599
-9844;-283;-9561
-10310;-4078;-6232
-14092;-9465;-4627
-5900;-2426;-3474
-4874;-2647;-2227
-4256;-3435;-821
-8114;-5870;-2244
-13189;-4133;-9056
-13772;-4259;-9513
-10235;-8153;-2082
-10387;-6518;-3869
-14557;-6573;-7984
-2472;-1628;-844
-16171;-8722;-7449
-10414;-6244;-4170
-11483;-4111;-7372
-7232;-1469;-5763
-8272;-4492;-3780
-8902;-1041;-7861
-13137;-3788;-9349
-13627;-7102;-6525
-7661;-2899;-4762
-13712;-3833;-9879
-9976;-3424;-6552
-17539;-7765;-9774
-10329;-2531;-7798
-5125;-1801;-3324
-6840;-2761;-4079
-15187;-7938;-7249
-8922;-4570;-4352
-3012;-2801;-211
-16804;-8467;-8337
-10689;-3796;-6893
-5549;-2331;-3218
-746;-550;-196
-8677;-2454;-6223
-3099;-2039;-1060
-12718;-4901;-7817
-8718;-680;-8038
-3835;-2514;-1321
-8776;-8734;-42
-9797;-9107;-690
-13951;-9704;-4247
-3663;-2600;-1063
-8051;-6304;-1747
-6042;-481;-5561
-15101;-6897;-8204
-19128;-9406;-9722
-9203;-8827;-376
-14731;-5008;-9723
-11849;-9032;-2817
-4634;-593;-4041
-17739;-8249;-9490
-15317;-7955;-7362
-7751;-3173;-4578
-14804;-5620;-9184
-2334;-2331;-3
-6428;-5013;-1415
-2876;-2275;-601
-4779;-3163;-1616
-7519;-5232;-2287
-3406;-187;-3219
-10234;-4207;-6027
-4162;-3056;-1106
-9260;-8113;-1147
-14023;-7202;-6821
-8466;-1026;-7440
-7780;-3394;-4386
-4828;-4643;-185
-15760;-8820;-6940
-2823;-1804;-1019
-6689;-2727;-3962
-14258;-7434;-6824
-1689;-866;-823
-9988;-6730;-3258
-17144;-7179;-9965
-8326;-3246;-5080
-9460;-5378;-4082
-6417;-4073;-2344
-10643;-1362;-9281
-8472;-3842;-4630
-2577;-1205;-1372
-12379;-3027;-9352
-9341;-3485;-5856
-5937;-274;-5663
-14905;-7883;-7022
-12036;-9534;-2502
-16808;-7472;-9336
-12551;-8756;-3795
-9228;-4326;-4902
-3957;-814;-3143
-3741;-718;-3023
-18706;-9910;-8796
-8155;-6178;-1977
-5095;-19;-5076
-11191;-2022;-9169
-7737;-2961;-4776
-9299;-7122;-2177
-10204;-1592;-8612
-17045;-8188;-8857
-11884;-2794;-9090
-4740;-1439;-3301
-9470;-6674;-2796
-8012;-2974;-5038
-9977;-8336;-1641
-9024;-2352;-6672
-9897;-4024;-5873
-3002;-2899;-103
-12041;-8138;-3903
-5079;-2128;-2951
-11400;-7197;-4203
-13386;-8910;-4476
-6248;-5266;-982
-9614;-6462;-3152
-10122;-4965;-5157
-7816;-3040;-4776
-8726;-2840;-5886
-17221;-9609;-7612
-8927;-2092;-6835
-11324;-3031;-8293
-7784;-55;-7729
-7584;-2375;-5209
-13221;-5459;-7762
-14431;-6415;-8016
-14217;-6708;-7509
-16694;-9089;-7605
-11607;-3857;-7750
-14170;-5353;-8817
-12427;-7165;-5262
-16469;-8814;-7655
-7638;-2740;-4898
-6425;-3672;-2753
-12286;-5147;-7139
-13639;-7269;-6370
-10769;-5353;-5416
-15189;-5768;-9421
-9392;-4084;-5308
-9943;-2784;-7159
-3004;-989;-2015
-14371;-4661;-9710
-17441;-9937;-7504
-9417;-3659;-5758
-4959;-656;-4303
-13427;-8118;-5309
-9810;-8010;-1800
-12238;-9038;-3200
-10068;-3840;-6228
-4273;-2454;-1819
-13199;-9869;-3330
-15538;-5650;-9888
-15321;-8156;-7165
-12122;-9623;-2499
-15021;-9038;-5983
-9762;-195;-9567
-13142;-5701;-7441
-17975;-8386;-9589
-9796;-1039;-8757
-11441;-6834;-4607
-7022;-2268;-4754
-9096;-1612;-7484
-8129;-5963;-2166
-12163;-3187;-8976
-4346;-4131;-215
-14351;-5876;-8475
-10108;-1250;-8858
-9341;-1818;-7523
-10344;-7128;-3216
-9685;-1008;-8677
-9898;-3231;-6667
-9494;-3030;-6464
-17554;-8054;-9500
-11031;-4695;-6336
-15530;-8495;-7035
-10885;-7927;-2958
-14082;-4093;-9989
-7303;-4032;-3271
-10743;-2421;-8322
-9363;-7316;-2047
-5845;-1237;-4608
-6176;-1435;-4741
-11751;-6507;-5244
-5987;-3316;-2671
-11419;-9545;-1874
-3842;-447;-3395
-7484;-6773;-711
-9897;-6443;-3454
-15025;-7940;-7085
-8524;-5247;-3277
-10252;-3594;-6658
-7130;-1390;-5740
-14754;-6782;-7972
-12463;-2602;-9861
-2192;-1946;-246
-8118;-8006;-112
-10058;-7690;-2368
-9442;-5754;-3688
-7536;-7281;-255
-11586;-8943;-2643
-18908;-9564;-9344
-16744;-9962;-6782
-12706;-4963;-7743
-5870;-1872;-3998
-7716;-6138;-1578
-12954;-8123;-4831
-9445;-5350;-4095
-15838;-6145;-9693
-5073;-4914;-159
-15768;-7503;-8265
-12238;-8278;-3960
-14377;-8165;-6212
-10358;-9839;-519
-3453;-1496;-1957
-18261;-9119;-9142
-7424;-36;-7388
-8777;-4765;-4012
-15294;-6047;-9247
-3326;-3281;-45
-11656;-1708;-9948
-11688;-4588;-7100
-12627;-6840;-5787
-8888;-2087;-6801
-9107;-2056;-7051
-8052;-2161;-5891
-4846;-3734;-1112
-11808;-9404;-2404
-11459;-8195;-3264
-9839;-1108;-8731
-11789;-5184;-6605
-13661;-7747;-5914
-2707;-29;-2678
-11340;-1416;-9924
-9963;-2370;-7593
-15450;-7405;-8045
-15064;-7076;-7988
-6910;-4356;-2554
-5049;-517;-4532
-11111;-7512;-3599
-10712;-9394;-1318
-1872;-1513;-359
-6431;-2761;-3670
-14412;-6822;-7590
-6780;-2162;-4618
-8701;-7413;-1288
-4206;-3013;-1193
-10285;-3756;-6529
-4756;-1225;-3531
-13887;-7791;-6096
-15079;-7913;-7166
-2688;-1234;-1454
-8786;-7929;-857
-11579;-5528;-6051
-7147;-2060;-5087
-11784;-2636;-9148
-9992;-648;-9344
-9874;-7379;-2495
-12265;-5596;-6669
-8059;-4186;-3873
-14601;-8323;-6278
-8736;-3960;-4776
-13292;-7056;-6236
-7144;-6155;-989
-10454;-9422;-1032
-14250;-8472;-5778
-13436;-6003;-7433
-12516;-5227;-7289
-7894;-4889;-3005
-6488;-6418;-70
-14000;-5515;-8485
-12066;-4120;-7946
-13041;-5439;-7602
-7913;-4138;-3775
-4329;-638;-3691
-2231;-1987;-244
-5482;-2118;-3364
-7945;-5273;-2672
-12357;-4497;-7860
-6596;-986;-5610
-5259;-5198;-61
-3276;-1214;-2062
-10675;-7053;-3622
-9115;-1191;-7924
-6597;-4894;-1703
-15312;-7206;-8106
-5497;-4537;-960
-12305;-5890;-6415
-5664;-2332;-3332
-6613;-2570;-4043
-8648;-6533;-2115
-12331;-8741;-3590
-15581;-8944;-6637
-11270;-9961;-1309
-14574;-8830;-5744
-10353;-3018;-7335
-12805;-8406;-4399
-5113;-3570;-1543
-15525;-6083;-9442
-7689;-2867;-4822
-8408;-6592;-1816
-8404;-371;-8033
-6384;-6239;-145
-8971;-8787;-184
-8851;-459;-8392
-11435;-5902;-5533
-10392;-5243;-5149
-14397;-5257;-9140
-5008;-1407;-3601
-7199;-6065;-1134
-12773;-8839;-3934
-5316;-1928;-3388
-15190;-6810;-8380
-11641;-3664;-7977
-4746;-2926;-1820
-5905;-3269;-2636
-13762;-7228;-6534
-5637;-5308;-329
-12372;-5861;-6511
-15447;-8831;-6616
-6428;-667;-5761
-5889;-912;-4977
-12568;-7602;-4966
-14892;-6560;-8332
-9808;-9754;-54
-10806;-4386;-6420
-15304;-9908;-5396
-5959;-475;-5484
-8361;-3372;-4989
-10735;-2036;-8699
-2490;-517;-1973
-10631;-2330;-8301
-9144;-1025;-8119
-10222;-1816;-8406
-2456;-597;-1859
-7407;-4310;-3097
-10525;-7397;-3128
-10519;-3859;-6660
-17425;-9327;-8098
-13739;-5949;-7790
-5337;-3763;-1574
-12183;-6994;-5189
-13422;-3547;-9875
-13169;-3488;-9681
-8885;-4996;-3889
-6209;-653;-5556
-10240;-956;-9284
-3848;-2845;-1003
-8007;-3849;-4158
-13877;-7074;-6803
-17134;-9964;-7170
-7803;-893;-6910
-14940;-5946;-8994
-7400;-2595;-4805
-13770;-7892;-5878
-3365;-2188;-1177
-18535;-8632;-9903
-10313;-1069;-9244
-4770;-2204;-2566
-8769;-1272;-7497
-6690;-4517;-2173
-8100;-5096;-3004
-12725;-3917;-8808
-5649;-426;-5223
-9235;-6090;-3145
-12744;-4532;-8212
-15730;-7409;-8321
-8142;-7187;-955
-5362;-2715;-2647
-12421;-7457;-4964
-4304;-3343;-961
-13324;-3432;-9892
-13963;-6256;-7707
-8193;-4384;-3809
-12462;-2514;-9948
-12338;-8096;-4242
-14292;-5427;-8865
-15034;-6639;-8395
-17475;-9712;-7763
-12346;-8768;-3578
-13282;-6877;-6405
-9351;-9304;-47
-10806;-8141;-2665
-11699;-6747;-4952
-6957;-5726;-1231
-15386;-9862;-5524
-5360;-5264;-96
-12865;-8310;-4555
-13849;-5285;-8564
-3690;-508;-3182
-5264;-5089;-175
-6870;-598;-6272
-8627;-4502;-4125
-9044;-5573;-3471
-15182;-8428;-6754
-11042;-8498;-2544
-6626;-1872;-4754
-15351;-6002;-9349
-15571;-9946;-5625
-11786;-8388;-3398
-7537;-3189;-4348
-5658;-767;-4891
-10860;-7639;-3221
-5786;-3997;-1789
-12154;-9924;-2230
-10160;-5724;-4436
-6926;-6244;-682
-6746;-2221;-4525
-4975;-1535;-3440
-15323;-7317;-8006
-10972;-3971;-7001
-15067;-9272;-5795
-6633;-3708;-2925
-4641;-2557;-2084
-16735;-7852;-8883
-18251;-8425;-9826
-6199;-513;-5686
-9956;-5648;-4308
-10930;-3619;-7311
-4685;-3232;-1453
-6047;-1605;-4442
-11674;-3914;-7760
-11628;-9502;-2126
-9863;-9078;-785
-9445;-1749;-7696
-4932;-3553;-1379
-10582;-6980;-3602
-7515;-6506;-1009
-19334;-9481;-9853
-7585;-4729;-2856
-8222;-3717;-4505
-7438;-3722;-3716
-13341;-8122;-5219
-3520;-914;-2606
-10738;-2722;-8016
-6544;-6416;-128
-7866;-3171;-4695
-9377;-1380;-7997
-6787;-6080;-707
-11116;-7664;-3452
-10783;-4310;-6473
-14456;-6284;-8172
-7519;-804;-6715
-11132;-4840;-6292
-7444;-4782;-2662
-12650;-4192;-8458
-4218;-2092;-2126
-8798;-4328;-4470
-13272;-6553;-6719
-9066;-2821;-6245
-11632;-1643;-9989
-10680;-3280;-7400
-14541;-8847;-5694
-13151;-3392;-9759
-6942;-414;-6528
-3991;-1592;-2399
-11345;-8656;-2689
-7104;-4562;-2542
-6062;-2472;-3590
-11474;-7085;-4389
-18664;-9614;-9050
-13008;-4011;-8997
-8112;-3200;-4912
-12484;-2595;-9889
-10290;-2281;-8009
-3209;-2464;-745
-5406;-4386;-1020
-1603;-1391;-212
-10292;-9016;-1276
-9085;-5900;-3185
-13323;-4250;-9073
-4322;-667;-3655
-11633;-5729;-5904
-6793;-6735;-58
-7732;-519;-7213
-18367;-9699;-8668
-13619;-5044;-8575
-13135;-9957;-3178
-19401;-9702;-9699
-4906;-2766;-2140
-10032;-1734;-8298
-10481;-9649;-832
-4971;-777;-4194
-7056;-5729;-1327
-8221;-2738;-5483
-14017;-9493;-4524
-7588;-1905;-5683
-10541;-1605;-8936
-8614;-6102;-2512
-7009;-5509;-1500
-5942;-2888;-3054
-6304;-315;-5989
-5933;-4554;-1379
-6950;-873;-6077
-7216;-1099;-6117
-14580;-6883;-7697
-13221;-6646;-6575
-9653;-2434;-7219
-18633;-9326;-9307
-12063;-2974;-9089
-11118;-3268;-7850
-15817;-9947;-5870
-11928;-8456;-3472
-9827;-4456;-5371
-1717;-546;-1171
-8030;-2161;-5869
-4242;-2765;-1477
-11575;-5514;-6061
-8498;-6168;-2330
-15527;-5761;-9766
-12948;-4471;-8477
-5820;-2336;-3484
-6718;-3237;-3481
-4001;-2960;-1041
-10362;-7646;-2716
-1790;-1236;-554
-12685;-6280;-6405
-11686;-7757;-3929
-16352;-8941;-7411
-8821;-8188;-633
-4499;-3947;-552
-9800;-4739;-5061
-9403;-8869;-534
-12550;-7677;-4873
-9733;-2182;-7551
-6392;-2108;-4284
-7590;-6300;-1290
-13782;-7916;-5866
-9145;-438;-8707
-2667;-1435;-1232
-5658;-3490;-2168
-8067;-3086;-4981
-13592;-9059;-4533
-12004;-9384;-2620
-10354;-5545;-4809
-7765;-3746;-4019
-11395;-7157;-4238
-10590;-5889;-4701
-15945;-5953;-9992
-914;-861;-53
-12193;-3150;-9043
-13021;-6440;-6581
-17846;-9658;-8188
-11423;-8103;-3320
-11700;-9031;-2669
-7328;-1441;-5887
-10588;-9707;-881
-3971;-3321;-650
-10243;-7877;-2366
-9355;-4939;-4416
-16033;-8498;-7535
-9973;-8636;-1337
-17973;-8785;-9188
-12195;-7488;-4707
-7052;-2512;-4540
-5556;-4825;-731
-6670;-1100;-5570
-14426;-7878;-6548
-17254;-9086;-8168
-16919;-8458;-8461
-11241;-9148;-2093
-10126;-8417;-1709
-13982;-4196;-9786
-1881;-510;-1371
-9996;-2974;-7022
-7062;-220;-6842
-16647;-8574;-8073
-8144;-4396;-3748
-11233;-2057;-9176
-7283;-4071;-3212
-1889;-544;-1345
-14075;-7125;-6950
-10043;-2158;-7885
-15931;-7716;-8215
-12626;-9536;-3090
-4830;-3020;-1810
-15993;-8005;-7988
-10627;-5682;-4945
-11624;-6370;-5254
-3157;-906;-2251
-7997;-4205;-3792
-13274;-4901;-8373
-6631;-2429;-4202
-6944;-5012;-1932
-13739;-6066;-7673
-8302;-3628;-4674
-5756;-4188;-1568
-10748;-1168;-9580
-9175;-507;-8668
-14993;-5692;-9301
-6500;-3887;-2613
-8960;-2998;-5962
-10379;-1607;-8772
-15429;-7855;-7574
-5813;-5032;-781
-9793;-5172;-4621
-7747;-3096;-4651
-8359;-6021;-2338
-3880;-1454;-2426
-5860;-4470;-1390
-10968;-5555;-5413
-10991;-7623;-3368
-11485;-9642;-1843
-6611;-2805;-3806
-7455;-2710;-4745
-12666;-4593;-8073
-10642;-6151;-4491
-9116;-8569;-547
-7151;-725;-6426
-5065;-3260;-1805
-3216;-1778;-1438
-17196;-7232;-9964
-8417;-3812;-4605
-8722;-1216;-7506
-11386;-3866;-7520
-13710;-5597;-8113
-9805;-184;-9621
-4690;-4365;-325
-9441;-931;-8510
-15155;-7568;-7587
-2448;-894;-1554
-7624;-7469;-155
-17655;-9141;-8514
-2147;-1064;-1083
-6879;-358;-6521
-15266;-6973;-8293
-11060;-8454;-2606
-3687;-1789;-1898
-1577;-471;-1106
-15230;-6573;-8657
-8672;-6703;-1969
-16659;-7979;-8680
-8023;-3325;-4698
-9458;-173;-9285
-7916;-6331;-1585
-9831;-7132;-2699
-8399;-2788;-5611
-6713;-5463;-1250
-10399;-705;-9694
-6617;-5012;-1605
-6164;-5274;-890
-17474;-9721;-7753
-9917;-1567;-8350
-11287;-3307;-7980
-10529;-3402;-7127
-16896;-8772;-8124
-3967;-3415;-552
-10119;-6783;-3336
-11691;-3814;-7877
-4281;-621;-3660
-7988;-4987;-3001
-8973;-1606;-7367
-16844;-9142;-7702
-3327;-1027;-2300
-15770;-7527;-8243
-4586;-4158;-428
-16556;-8289;-8267
-10760;-7341;-3419
-8407;-295;-8112
-6592;-2940;-3652
-14034;-7868;-6166
-11445;-8924;-2521
-7958;-7516;-442
-5310;-1052;-4258
-10173;-9124;-1049
-7512;-2734;-4778
-10732;-1994;-8738
-12324;-9326;-2998
-14110;-4279;-9831
-9565;-6680;-2885
-5542;-5007;-535
-9708;-6211;-3497
-3216;-2409;-807
-11632;-9838;-1794
-10583;-2088;-8495
-11084;-6709;-4375
-12756;-4701;-8055
-9992;-4612;-5380
-13591;-4731;-8860
-19062;-9418;-9644
-9979;-5260;-4719
-10185;-4655;-5530
-7985;-5887;-2098
-9086;-3435;-5651
-12689;-5572;-7117
-12430;-5295;-7135
-2693;-346;-2347
-7362;-5823;-1539
-8017;-3948;-4069
-10561;-1374;-9187
-12713;-4101;-8612
-7628;-4676;-2952
-1517;-719;-798
-11282;-4130;-7152
-11696;-2946;-8750
-9444;-130;-9314
-6266;-3169;-3097
-12800;-4049;-8751
-14015;-5576;-8439
-9923;-4013;-5910
-15119;-8157;-6962
-3139;-1127;-2012
-10460;-7796;-2664
-11480;-4424;-7056
-10233;-7575;-2658
-12245;-6292;-5953
-17955;-8494;-9461
-12864;-6233;-6631
-13673;-9624;-4049
-11465;-7428;-4037
-3724;-933;-2791
-9203;-8890;-313
-12549;-9722;-2827
-15808;-7469;-8339
-7025;-108;-6917
-11113;-1195;-9918
-8874;-1504;-7370
-14336;-6650;-7686
-7925;-4014;-3911
-5755;-409;-5346
-7114;-3010;-4104
-15048;-8196;-6852
-19348;-9418;-9930
-5876;-1014;-4862
-6051;-4128;-1923
-9977;-3607;-6370
-10217;-3555;-6662
-10274;-6882;-3392
-8746;-6411;-2335
-15135;-6619;-8516
-11382;-8528;-2854
-13216;-7779;-5437
-9650;-1622;-8028
-8076;-5519;-2557
-12477;-6341;-6136
-12767;-8169;-4598
-7763;-84;-7679
-6581;-604;-5977
-4113;-856;-3257
-6798;-3421;-3377
-14558;-9088;-5470
-5565;-4355;-1210
-8348;-5053;-3295
-9070;-5452;-3618
-11423;-9730;-1693
-7600;-3999;-3601
-5760;-3633;-2127
-5202;-1712;-3490
-4698;-3881;-817
-2583;-1947;-636
-7429;-2422;-5007
-3324;-1502;-1822
-9617;-3260;-6357
-3027;-642;-2385
-3521;-1214;-2307
-7043;-6004;-1039
-10431;-8131;-2300
-9035;-3516;-5519
-8237;-7364;-873
-6068;-2747;-3321
-17034;-9036;-7998
-7436;-4319;-3117
-4576;-1062;-3514
-8085;-868;-7217
-3736;-264;-3472
-11743;-3116;-8627
-10056;-8178;-1878
-17348;-9516;-7832
-13687;-7467;-6220
-9606;-4561;-5045
-4943;-2543;-2400
-6480;-651;-5829
-9596;-6861;-2735
-14639;-4927;-9712
-6735;-5798;-937
-9273;-6496;-2777
-10073;-6966;-3107
-13779;-8769;-5010
-6528;-5013;-1515
-11013;-1844;-9169
-13295;-7629;-5666
-8516;-4742;-3774
-17208;-9079;-8129
-7396;-5421;-1975
-8574;-954;-7620
-7409;-538;-6871
-17761;-9033;-8728
-8825;-1619;-7206
-6926;-1526;-5400
-12161;-6034;-6127
-7998;-6954;-1044
-10757;-4364;-6393
-3161;-2617;-544
-11755;-9667;-2088
-10471;-6469;-4002
-6779;-3480;-3299
-16733;-9668;-7065
-14864;-7230;-7634
-3507;-1506;-2001
-11307;-6420;-4887
-3283;-3133;-150
-8859;-5828;-3031
-17423;-9245;-8178
-3565;-70;-3495
-11623;-1762;-9861
-6416;-3614;-2802
-13927;-4916;-9011
-8355;-985;-7370
-13073;-5539;-7534
-15243;-8332;-6911
-14918;-9328;-5590
-13839;-8669;-5170
-17451;-7665;-9786
-6856;-3128;-3728
-17115;-8752;-8363
-10243;-2545;-7698
-17746;-8410;-9336
-9251;-3382;-5869
-2197;-653;-1544
-13612;-7666;-5946
-12915;-7225;-5690
-11381;-9449;-1932
-11675;-5361;-6314
-4247;-528;-3719
-6841;-1897;-4944
-10480;-6595;-3885
-5730;-2027;-3703
-11728;-6809;-4919
-4043;-2595;-1448
-11259;-2399;-8860
-11927;-6519;-5408
-5725;-3285;-2440
-11438;-1675;-9763
-7669;-636;-7033
-11785;-5725;-6060
-1131;-93;-1038
-15833;-8565;-7268
-5218;-4439;-779
-5652;-928;-4724
-3205;-2353;-852
-8712;-1186;-7526
-4316;-1056;-3260
-13307;-7554;-5753
-9952;-8490;-1462
-7280;-5078;-2202
-16611;-7184;-9427
-12116;-2816;-9300
-4642;-1831;-2811
-4211;-2338;-1873
-6384;-1640;-4744
-9413;-4;-9409
-9072;-3573;-5499
-10709;-3641;-7068
-8162;-6326;-1836
-6370;-3384;-2986
-14021;-7390;-6631
-7312;-2643;-4669
-9615;-731;-8884
-14130;-7274;-6856
-12906;-6319;-6587
-18505;-9642;-8863
-6004;-5432;-572
-1071;-250;-821
-18410;-9514;-8896
-10996;-6985;-4011
-13568;-9556;-4012
-11828;-2744;-9084
-8281;-1640;-6641
-13512;-5829;-7683
-12517;-9841;-2676
-18917;-9886;-9031
-11114;-6127;-4987
-14629;-8218;-6411
-9033;-8999;-34
-4006;-3814;-192
-6480;-2448;-4032
-11292;-5997;-5295
-9515;-9368;-147
-11050;-7220;-3830
-3391;-700;-2691
-11506;-4414;-7092
-2746;-1058;-1688
-15307;-8207;-7100
-7145;-3319;-3826
-13607;-8391;-5216
-4618;-2891;-1727
-11474;-4641;-6833
-13280;-9970;-3310
-16166;-7387;-8779
-4142;-1291;-2851
-14507;-6983;-7524
-3132;-2066;-1066
-11663;-5415;-6248
-12182;-6909;-5273
-13485;-8884;-4601
-15555;-9273;-6282
-12321;-7268;-5053
-5094;-2063;-3031
-10458;-8189;-2269
-8187;-5421;-2766
-5016;-3138;-1878
-5441;-272;-5169
-9447;-351;-9096
-14525;-6441;-8084
-13439;-5057;-8382
-12379;-3966;-8413
-12677;-7585;-5092
-10970;-9724;-1246
-16703;-7596;-9107
-12907;-7340;-5567
-5991;-5985;-6
-11380;-8455;-2925
-13911;-6203;-7708
-15753;-9658;-6095
-6676;-5736;-940
-8775;-4656;-4119
-7362;-51;-7311
-15863;-8879;-6984
-2529;-1777;-752
-10700;-9516;-1184
-7517;-5504;-2013
-14279;-8449;-5830
-13312;-9066;-4246
-2766;-516;-2250
-10767;-2335;-8432
-8741;-7798;-943
-4656;-3426;-1230
-10552;-8390;-2162
-12608;-6247;-6361
-3112;-1826;-1286
-6811;-3548;-3263
-6426;-6136;-290
-16297;-6822;-9475
-17116;-9730;-7386
-12840;-4932;-7908
-11271;-5198;-6073
-5970;-682;-5288
-5514;-3682;-1832
-12804;-7821;-4983
-16357;-9581;-6776
-10719;-9617;-1102
-8353;-3746;-4607
-16044;-8148;-7896
-6767;-4133;-2634
-10763;-8636;-2127
-11559;-8994;-2565
-6390;-3176;-3214
-9415;-5919;-3496
-13344;-4645;-8699
-3776;-358;-3418
-8562;-2913;-5649
-8615;-4529;-4086
-10798;-1864;-8934
-3864;-1366;-2498
-12641;-5448;-7193
-12504;-7749;-4755
-1986;-751;-1235
-7137;-4137;-3000
-2988;-1853;-1135
-8157;-897;-7260
-15882;-7765;-8117
-10251;-4869;-5382
-9050;-2890;-6160
-9666;-5239;-4427
-10863;-3695;-7168
-10757;-3052;-7705
-8882;-1814;-7068
-5883;-3130;-2753
-8624;-6031;-2593
-15557;-8029;-7528
-8680;-4942;-3738
-9518;-7001;-2517
-10181;-1207;-8974
-8699;-7134;-1565
-8940;-5749;-3191
-7409;-6255;-1154
-13417;-6476;-6941
-13159;-4243;-8916
-16087;-7093;-8994
-10329;-8906;-1423
-3692;-3544;-148
-11541;-5566;-5975
-12415;-8484;-3931
-1672;-682;-990
-6432;-2235;-4197
-7926;-2790;-5136
-12355;-4895;-7460
-6659;-3197;-3462
-7727;-4029;-3698
-16088;-8131;-7957
-10648;-3967;-6681
-11509;-8616;-2893
-10355;-3786;-6569
-14383;-9588;-4795
-6675;-3956;-2719
-10018;-3615;-6403
-9571;-6666;-2905
-3411;-324;-3087
-8977;-229;-8748
-7198;-3767;-3431
-9468;-4777;-4691
-4329;-153;-4176
-10795;-6024;-4771
-8257;-6711;-1546
-12305;-4455;-7850
-3054;-2432;-622
-4972;-978;-3994
-10904;-5058;-5846
-3082;-2006;-1076
-12263;-7585;-4678
-7500;-2618;-4882
-12801;-6729;-6072
-10022;-8950;-1072
-4874;-4000;-874
-15241;-6180;-9061
-4330;-267;-4063
-6901;-810;-6091
-16050;-8834;-7216
-13301;-6960;-6341
-12646;-7870;-4776
-15228;-7600;-7628
-11380;-4843;-6537
-11106;-4394;-6712
-6089;-5535;-554
-16387;-7076;-9311
-3879;-1797;-2082
-17990;-8642;-9348
-7935;-7606;-329
-2401;-435;-1966
-17275;-8113;-9162
-16616;-8669;-7947
-8864;-8433;-431
-7868;-3054;-4814
-9999;-3181;-6818
-14417;-8103;-6314
-17961;-8084;-9877
-17110;-7838;-9272
-9796;-9179;-617
-7237;-5916;-1321
-3799;-2918;-881
-16636;-9476;-7160
-9643;-854;-8789
-2666;-373;-2293
-6992;-6278;-714
-9085;-3634;-5451
-5630;-4752;-878
-5987;-1735;-4252
-9837;-9041;-796
-17277;-8535;-8742
-13830;-8534;-5296
-5615;-3895;-1720
-14464;-6713;-7751
-12318;-4716;-7602
-2067;-1508;-559
-4953;-2274;-2679
-11224;-3747;-7477
-10120;-9491;-629
-6564;-6309;-255
-8125;-6716;-1409
-11202;-9989;-1213
-4634;-4096;-538
-13215;-8300;-4915
-10596;-2523;-8073
-6456;-3477;-2979
-12093;-7791;-4302
-10223;-3917;-6306
-16336;-8219;-8117
-13475;-5637;-7838
-9836;-8365;-1471
-14216;-6011;-8205
-10174;-7944;-2230
-10002;-5514;-4488
-5762;-3347;-2415
-8041;-6101;-1940
-3649;-277;-3372
-8248;-2835;-5413
-5607;-241;-5366
-2895;-807;-2088
-8605;-54;-8551
-11626;-9990;-1636
-13063;-7769;-5294
-5962;-4357;-1605
-8396;-835;-7561
-5985;-1608;-4377
-11382;-5032;-6350
-2372;-2277;-95
-6297;-1141;-5156
-11224;-2583;-8641
-16715;-6918;-9797
-2158;-2043;-115
-5139;-1497;-3642
-11511;-5735;-5776
-6782;-3868;-2914
-7988;-5957;-2031
-7408;-5300;-2108
-14067;-5914;-8153
-10060;-9177;-883
-18873;-9286;-9587
-10980;-2616;-8364
-14525;-4634;-9891
-6353;-210;-6143
-8675;-3648;-5027
-18516;-9354;-9162
-9751;-490;-9261
-16758;-9330;-7428
-4186;-534;-3652
-11517;-6969;-4548
-11196;-1629;-9567
-10373;-4212;-6161
-4772;-3349;-1423
-9748;-124;-9624
-8546;-5825;-2721
-11743;-9876;-1867
-9969;-7124;-2845
-9016;-900;-8116
-15106;-5219;-9887
-8988;-3215;-5773
-7768;-3201;-4567
-13248;-3844;-9404
-10992;-2669;-8323
-8405;-5757;-2648
-11985;-9490;-2495
-13873;-7508;-6365
-16756;-9440;-7316
-10875;-9943;-932
-11684;-3037;-8647
-5816;-725;-5091
-13918;-4566;-9352
-7389;-4795;-2594
-18117;-8457;-9660
-4198;-4095;-103
-15501;-6636;-8865
-19089;-9849;-9240
-6613;-2119;-4494
-15762;-6205;-9557
-13509;-7540;-5969
-4304;-172;-4132
-8464;-2471;-5993
-16977;-9140;-7837
-6852;-316;-6536
-14674;-8591;-6083
-10793;-2908;-7885
-5208;-996;-4212
-11952;-4822;-7130
-16069;-8892;-7177
-4185;-3743;-442
-2863;-693;-2170
-13341;-3455;-9886
-11415;-6307;-5108
-4519;-368;-4151
-9533;-5256;-4277
-15055;-7210;-7845
-12571;-4195;-8376
-4345;-3930;-415
-15522;-6562;-8960
-4203;-125;-4078
-7647;-2335;-5312
-6560;-907;-5653
-10238;-7212;-3026
-8872;-6833;-2039
-16982;-7211;-9771
-14535;-9994;-4541
-11177;-4750;-6427
-12370;-3017;-9353
-13745;-5884;-7861
-5737;-1314;-4423
-7953;-867;-7086
-7906;-7570;-336
-17377;-8330;-9047
-14610;-4971;-9639
-10298;-2565;-7733
-17344;-7984;-9360
-9832;-2027;-7805
-10998;-2528;-8470
-15479;-8089;-7390
-13893;-5433;-8460
-2067;-1447;-620
-816;-221;-595
-9010;-8446;-564
-10153;-3066;-7087
-15283;-7858;-7425
-15022;-6314;-8708
-5253;-909;-4344
-7476;-444;-7032
-6614;-4735;-1879
-7270;-594;-6676
-6338;-5158;-1180
-4447;-632;-3815
-12963;-8419;-4544
-4220;-2209;-2011
-13050;-4404;-8646
-6823;-4938;-1885
-6445;-5444;-1001
-13384;-5721;-7663
-11529;-3679;-7850
-8946;-6857;-2089
-2800;-2554;-246
-4133;-3578;-555
-4294;-3272;-1022
-2751;-1815;-936
-11312;-9018;-2294
-12080;-9019;-3061
-2916;-226;-2690
-15631;-9604;-6027
-15849;-9161;-6688
-4942;-2717;-2225
-19132;-9969;-9163
-13186;-6681;-6505
-14499;-8796;-5703
-9635;-6351;-3284
-4866;-3482;-1384
-10429;-6508;-3921
-7409;-6672;-737
-4025;-495;-3530
-5296;-1412;-3884
-13954;-4630;-9324
-10651;-1465;-9186
-13032;-7241;-5791
-11748;-7030;-4718
-13507;-5526;-7981
-6880;-3847;-3033
-3265;-1085;-2180
-9864;-71;-9793
-10445;-664;-9781
-2485;-424;-2061
-10654;-6539;-4115
-8711;-8579;-132
-15921;-8880;-7041
-8645;-7694;-951
-12079;-7991;-4088
-14489;-9951;-4538
-3112;-329;-2783
-3430;-3216;-214
-12872;-7022;-5850
-8271;-1003;-7268
-6212;-4631;-1581
-6208;-4118;-2090
-1428;-301;-1127
-6209;-3703;-2506
-11720;-5060;-6660
-10398;-8160;-2238
-11734;-3927;-7807
-8125;-255;-7870
-18059;-8309;-9750
-15255;-7716;-7539
-9851;-9127;-724
-8888;-4368;-4520
-2251;-1651;-600
-4752;-2943;-1809
-8057;-2961;-5096
-15259;-7749;-7510
-13969;-9300;-4669
-5073;-78;-4995
-9775;-1809;-7966
-3529;-3080;-449
-4758;-72;-4686
-16289;-8058;-8231
-10099;-7032;-3067
-2990;-367;-2623
-13278;-5151;-8127
-12295;-7330;-4965
-14589;-8891;-5698
-7774;-6659;-1115
-16866;-8361;-8505
-10319;-6356;-3963
-12145;-9113;-3032
-14151;-5723;-8428
-5474;-3456;-2018
-14547;-7707;-6840
-8448;-1261;-7187
-6604;-2247;-4357
-16015;-8566;-7449
-7836;-4363;-3473
-11208;-5649;-5559
-1111;-159;-952
-9218;-1978;-7240
-4542;-702;-3840
-15808;-7168;-8640
-1122;-121;-1001
-7878;-4797;-3081
-9442;-8198;-1244
-14287;-7906;-6381
-9482;-3201;-6281
-3881;-2604;-1277
-12049;-2149;-9900
-5470;-4694;-776
-12546;-8978;-3568
-14532;-7566;-6966
-13830;-7591;-6239
-14895;-7521;-7374
-7107;-1242;-5865
-9855;-8251;-1604
-15007;-8210;-6797
-10449;-3208;-7241
-9338;-8203;-1135
-7052;-3428;-3624
-9025;-117;-8908
-13098;-5179;-7919
-8677;-168;-8509
-9146;-8510;-636
-5591;-4518;-1073
-4114;-1926;-2188
-7610;-1583;-6027
-19773;-9831;-9942
-7214;-964;-6250
-9470;-9174;-296
-17139;-9573;-7566
-8850;-193;-8657
-4020;-916;-3104
-4884;-4807;-77
-13430;-6576;-6854
-18779;-8808;-9971
-320;-188;-132
-13454;-8382;-5072
-7886;-5004;-2882
-10284;-9982;-302
-10917;-6993;-3924
-8567;-3194;-5373
-15172;-8316;-6856
-15172;-8949;-6223
-18196;-9846;-8350
-11622;-4417;-7205
-4875;-4641;-234
-15433;-7023;-8410
-12480;-2673;-9807
-11091;-2794;-8297
-12950;-5143;-7807
-7724;-3110;-4614
-16305;-9821;-6484
-6911;-2294;-4617
-16508;-9627;-6881
-7213;-4768;-2445
-10514;-6427;-4087
-4814;-2955;-1859
-15104;-7280;-7824
-6912;-5338;-1574
-8825;-6775;-2050
-10809;-5931;-4878
-15747;-8719;-7028
-17456;-9003;-8453
-7942;-1251;-6691
-12591;-3731;-8860
-13734;-9904;-3830
-5588;-4740;-848
-7774;-4128;-3646
-9036;-1366;-7670
-14998;-9773;-5225
-8893;-4260;-4633
-10888;-6629;-4259
-9311;-6477;-2834
-8029;-3563;-4466
-12852;-3218;-9634
-5587;-4872;-715
-12542;-8774;-3768
-13478;-9186;-4292
-8762;-8414;-348
-10593;-9394;-1199
-9139;-5974;-3165
-13404;-7356;-6048
-6400;-2325;-4075
-8496;-2761;-5735
-10218;-9789;-429
-9069;-8345;-724
-4657;-3531;-1126
-8816;-6858;-1958
-9733;-6144;-3589
-10389;-6685;-3704
-9713;-1949;-7764
-6187;-5177;-1010
-9724;-3511;-6213
-10474;-791;-9683
-9918;-7848;-2070
-14767;-7639;-7128
-10338;-3580;-6758
-7018;-2641;-4377
-19605;-9752;-9853
-16412;-7846;-8566
-12190;-6944;-5246
-12464;-3857;-8607
-4001;-190;-3811
-13830;-7120;-6710
-4485;-2309;-2176
-8122;-7163;-959
-495;-50;-445
-9718;-7803;-1915
-2172;-1982;-190
-6316;-1268;-5048
-9714;-2905;-6809
-8065;-2607;-5458
-9919;-442;-9477
-2681;-322;-2359
-5838;-2302;-3536
-3811;-1880;-1931
-14635;-5184;-9451
-2650;-2195;-455
-11620;-6212;-5408
-7226;-3295;-3931
-12430;-8605;-3825
-6482;-2862;-3620
-9932;-1201;-8731
-8458;-5272;-3186
-6441;-579;-5862
-8099;-575;-7524
-1574;-157;-1417
-12703;-5349;-7354
-2331;-1935;-396
-6186;-4281;-1905
-13859;-7621;-6238
-10074;-8677;-1397
-7668;-6900;-768
-9537;-7906;-1631
-10483;-5745;-4738
-15938;-9420;-6518
-7186;-3925;-3261
-16351;-9933;-6418
-10730;-2587;-8143
-15552;-6344;-9208
-12505;-4917;-7588
-6899;-3752;-3147
-15056;-5121;-9935
-7770;-3545;-4225
-5260;-4234;-1026
-13616;-8440;-5176
-12282;-2672;-9610
-4763;-4127;-636
-2152;-2030;-122
-216;-111;-105
-9247;-2045;-7202
-7552;-5752;-1800
-8698;-8613;-85
-11108;-1131;-9977
-12335;-8212;-4123
-13953;-7683;-6270
-12552;-5745;-6807
-5897;-3923;-1974
-6531;-6377;-154
-5420;-1681;-3739
-9653;-524;-9129
-11463;-7745;-3718
-7047;-3346;-3701
-10298;-6949;-3349
-6335;-4989;-1346
-4953;-1435;-3518
-13314;-5563;-7751
-8473;-2198;-6275
-9189;-7856;-1333
-16584;-9363;-7221
-5536;-1323;-4213
-6890;-6794;-96
-4208;-920;-3288
-12496;-4865;-7631
-16687;-7215;-9472
-11000;-4190;-6810
-11315;-4854;-6461
-5918;-1720;-4198
-15451;-6903;-8548
-5143;-4992;-151
-8990;-4160;-4830
-8164;-7653;-511
-13821;-6764;-7057
-3502;-912;-2590
-10287;-6974;-3313
-7949;-4675;-3274
-15945;-9173;-6772
-6317;-5772;-545
-15725;-8160;-7565
-5043;-1767;-3276
-13803;-6168;-7635
-8599;-4108;-4491
-8307;-922;-7385
-11630;-2090;-9540
-11982;-6696;-5286
-8651;-3805;-4846
-13312;-9621;-3691
-11450;-6577;-4873
-16943;-8593;-8350
-12253;-3309;-8944
-11976;-6337;-5639
-5734;-2580;-3154
-6687;-5142;-1545
-8138;-1301;-6837
-9855;-1230;-8625
-17420;-9245;-8175
-13638;-6833;-6805
-13985;-5447;-8538
-9168;-4688;-4480
-2474;-916;-1558
-6353;-5107;-1246
-513;-151;-362
-2207;-1689;-518
-5120;-1785;-3335
-11086;-4548;-6538
-16389;-8661;-7728
-15736;-7420;-8316
-4861;-2106;-2755
-8845;-7571;-1274
-9437;-9435;-2
-8150;-4632;-3518
-9769;-7398;-2371
-5907;-194;-5713
-12747;-8244;-4503
-10293;-5540;-4753
-5275;-2081;-3194
-7632;-2947;-4685
-12793;-3432;-9361
-9971;-8599;-1372
-8745;-673;-8072
-15446;-5749;-9697
-6484;-2473;-4011
-16719;-7744;-8975
-7042;-2210;-4832
-7370;-464;-6906
-10354;-1713;-8641
-8928;-1407;-7521
-7471;-7064;-407
-16396;-6941;-9455
-12236;-5699;-6537
-11115;-3463;-7652
-8999;-7975;-1024
-15077;-8295;-6782
-14372;-9187;-5185
-12129;-8760;-3369
-6434;-1982;-4452
-3313;-376;-2937
-14451;-5863;-8588
-11549;-4219;-7330
-1671;-1219;-452
-12180;-7140;-5040
-6869;-4514;-2355
-2987;-403;-2584
-13859;-6774;-7085
-12775;-4046;-8729
-9339;-2813;-6526
-10739;-6960;-3779
-9305;-4099;-5206
-4284;-3838;-446
-12398;-3714;-8684
-9606;-5459;-4147
-2433;-334;-2099
-12013;-9107;-2906
-4864;-1470;-3394
-3790;-1814;-1976
-17726;-7950;-9776
-11063;-3843;-7220
-7531;-5087;-2444
-10518;-3297;-7221
-6509;-2451;-4058
-6580;-2032;-4548
-10706;-3358;-7348
-5960;-2175;-3785
-9394;-5501;-3893
-13531;-5305;-8226
-3153;-1779;-1374
-14751;-8612;-6139
-6518;-3291;-3227
-13325;-8497;-4828
-12431;-3324;-9107
-7397;-5356;-2041
-7205;-1602;-5603
-15716;-6520;-9196
-10936;-7418;-3518
-11383;-8478;-2905
-1772;-319;-1453
-9345;-297;-9048
-7527;-5400;-2127
-12005;-3217;-8788
-3311;-992;-2319
-12237;-4231;-8006
-8457;-2764;-5693
-13178;-5071;-8107
-12343;-3998;-8345
-2006;-1886;-120
-11956;-5678;-6278
-8588;-657;-7931
-7229;-5340;-1889
-3181;-545;-2636
-16655;-6791;-9864
-13101;-6552;-6549
-14207;-6132;-8075
-4969;-3005;-1964
-8324;-3459;-4865
-14156;-7884;-6272
-2054;-782;-1272
-10218;-7993;-2225
-8437;-7876;-561
-5774;-4743;-1031
-7973;-5760;-2213
-6226;-1964;-4262
-9556;-555;-9001
-16383;-7599;-8784
-3515;-2400;-1115
-8637;-1998;-6639
-6789;-5917;-872
-9050;-1152;-7898
-3307;-773;-2534
-10265;-604;-9661
-16375;-7538;-8837
-7373;-2914;-4459
-16251;-9748;-6503
-11154;-9180;-1974
-15827;-7665;-8162
-7658;-5882;-1776
-9216;-8473;-743
-6121;-1341;-4780
-11848;-5859;-5989
-13592;-6946;-6646
-4602;-963;-3639
-8385;-4346;-4039
-12521;-7520;-5001
-11976;-8632;-3344
-5264;-2535;-2729
-10482;-8408;-2074
-17234;-9481;-7753
-6476;-3344;-3132
-4677;-4016;-661
-14993;-9265;-5728
-8769;-4796;-3973
-10927;-3252;-7675
-5124;-1665;-3459
-10431;-762;-9669
-8714;-637;-8077
-8637;-5219;-3418
-5513;-899;-4614
-6067;-1708;-4359
-8385;-7916;-469
-17121;-9815;-7306
-5377;-3074;-2303
-8745;-6613;-2132
-10183;-9702;-481
-9489;-7116;-2373
-17899;-9646;-8253
-10486;-7241;-3245
-7165;-4869;-2296
-10358;-9846;-512
-13692;-4656;-9036
-13456;-6814;-6642
-8025;-2869;-5156
-7977;-4785;-3192
-13903;-8133;-5770
-14809;-8113;-6696
-17534;-7567;-9967
-10205;-7168;-3037
-3280;-82;-3198
-8719;-210;-8509
-13506;-6332;-7174
-6091;-3056;-3035
-15036;-7574;-7462
-15571;-5571;-10000
-9765;-6257;-3508
-10033;-4474;-5559
-6497;-1084;-5413
-5950;-491;-5459
-5655;-4176;-1479
-8252;-4280;-3972
-11459;-4640;-6819
-13598;-9369;-4229
-11313;-8978;-2335
-12516;-9062;-3454
-5034;-805;-4229
-4860;-3091;-1769
-16812;-8039;-8773
-2155;-1166;-989
-17516;-9249;-8267
-10961;-3791;-7170
-7957;-5519;-2438
-15570;-8715;-6855
-15764;-7845;-7919
-8851;-7088;-1763
-11921;-6274;-5647
-7251;-5229;-2022
-5803;-1719;-4084
-14450;-5343;-9107
-18600;-9920;-8680
-12145;-4848;-7297
-7422;-6348;-1074
-10296;-5270;-5026
-14311;-8935;-5376
-748;-88;-660
-5766;-1963;-3803
-10137;-4514;-5623
-17106;-8516;-8590
-11983;-8967;-3016
-18148;-8315;-9833
-7513;-6374;-1139
-7682;-6699;-983
-18757;-9941;-8816
-10084;-6575;-3509
-16453;-7206;-9247
-18665;-9724;-8941
-14104;-8511;-5593
-6724;-6103;-621
-3030;-203;-2827
-14893;-9067;-5826
-16731;-8093;-8638
-10474;-1503;-8971
-2846;-28;-2818
-11745;-9988;-1757
-3199;-2769;-430
-9702;-485;-9217
-7883;-4169;-3714
-10703;-2652;-8051
-14717;-7254;-7463
-13833;-7971;-5862
-8118;-8063;-55
-15903;-7023;-8880
-6374;-458;-5916
-13953;-4670;-9283
-14131;-8556;-5575
-19469;-9835;-9634
-7365;-30;-7335
-14587;-6103;-8484
-15417;-7671;-7746
-12890;-6459;-6431
-7714;-912;-6802
-12228;-6748;-5480
-9198;-6790;-2408
-14584;-6587;-7997
-4465;-4460;-5
-18336;-8651;-9685
-11445;-9540;-1905
-14094;-8736;-5358
-7320;-1948;-5372
-2749;-932;-1817
-9491;-7794;-1697
-9283;-8458;-825
-12940;-9372;-3568
-10864;-5707;-5157
-12277;-7604;-4673
-16739;-9061;-7678
-12190;-5528;-6662
-8258;-7381;-877
-1741;-613;-1128
-16013;-8585;-7428
-10146;-6606;-3540
-3582;-1077;-2505
-12007;-8598;-3409
-16222;-7665;-8557
-10148;-3192;-6956
-12020;-7044;-4976
-7841;-2247;-5594
-6589;-1827;-4762
-6140;-4126;-2014
-8597;-1836;-6761
-8852;-7122;-1730
-19083;-9836;-9247
-4773;-850;-3923
-12009;-7673;-4336
-12190;-9840;-2350
-7160;-5962;-1198
-2964;-180;-2784
-4797;-1126;-3671
-11423;-6807;-4616
-5751;-2079;-3672
-16381;-6738;-9643
-15090;-7365;-7725
-366;-277;-89
-8805;-2784;-6021
-9495;-6677;-2818
-8828;-8797;-31
-3738;-258;-3480
-3141;-2304;-837
-14755;-7895;-6860
-1806;-1005;-801
-14023;-7974;-6049
-16541;-6944;-9597
-19341;-9513;-9828
-5714;-1596;-4118
-7303;-6440;-863
-14859;-6478;-8381
-2417;-244;-2173
-13105;-9433;-3672
-4388;-2882;-1506
-9081;-534;-8547
-8013;-4906;-3107
-13546;-9717;-3829
-7401;-6253;-1148
-16185;-7040;-9145
-11033;-5691;-5342
-9675;-2032;-7643
-12350;-2953;-9397
-13454;-9413;-4041
-6433;-2626;-3807
-12992;-7935;-5057
-8604;-7865;-739
-11999;-6083;-5916
-7118;-2384;-4734
-12644;-9134;-3510
-11079;-3103;-7976
-2143;-1025;-1118
-8084;-5586;-2498
-8102;-1852;-6250
-13960;-6127;-7833
-15741;-7138;-8603
-12463;-6255;-6208
-13428;-7821;-5607
-2369;-1266;-1103
-6619;-6403;-216
-3869;-1511;-2358
-3601;-1686;-1915
-9760;-200;-9560
-11649;-9034;-2615
-16453;-8272;-8181
-7906;-3627;-4279
-11523;-4982;-6541
-7890;-4506;-3384
-6217;-4028;-2189
-5420;-2238;-3182
-4851;-3333;-1518
-5422;-825;-4597
-2538;-2456;-82
-9757;-5999;-3758
-14031;-5462;-8569
-3832;-2476;-1356
-8332;-6769;-1563
-13977;-5215;-8762
-8652;-871;-7781
-12417;-7174;-5243
-4219;-2177;-2042
-4375;-4273;-102
-6310;-2719;-3591
-6773;-3800;-2973
-11840;-4977;-6863
-11470;-2899;-8571
-5208;-4222;-986
-3567;-19;-3548
-10500;-6686;-3814
-13905;-9751;-4154
-13359;-9364;-3995
-9436;-1099;-8337
-12019;-9898;-2121
-13861;-8262;-5599
-5994;-1233;-4761
-11376;-7849;-3527
-14582;-5820;-8762
-9376;-1324;-8052
-15638;-6952;-8686
-4071;-1917;-2154
-9876;-640;-9236
-12774;-2917;-9857
-9655;-11;-9644
-15366;-5483;-9883
-10800;-2749;-8051
-4024;-632;-3392
-8595;-4962;-3633
-13186;-8034;-5152
-4511;-2535;-1976
-4026;-1486;-2540
-19006;-9107;-9899
-8283;-3049;-5234
-3903;0;-3903
-11056;-3648;-7408
-11325;-4637;-6688
-10301;-9772;-529
-11240;-4512;-6728
-9200;-1260;-7940
-15735;-8460;-7275
-6681;-216;-6465
-7483;-4498;-2985
-6630;-3915;-2715
-13061;-6623;-6438
-9942;-3871;-6071
-9333;-8844;-489
-9184;-2363;-6821
-12179;-9898;-2281
-10162;-7655;-2507
-15351;-8004;-7347
-6495;-2710;-3785
-12502;-5136;-7366
-3423;-3068;-355
-18309;-9588;-8721
-8083;-4819;-3264
-5620;-3569;-2051
-12288;-6584;-5704
-13766;-9972;-3794
-10093;-7130;-2963
-17869;-8422;-9447
-5147;-4572;-575
-17002;-8255;-8747
-7740;-3833;-3907
-8897;-2734;-6163
-6132;-1565;-4567
-9885;-9233;-652
-12071;-3475;-8596
-6466;-4193;-2273
-11142;-8252;-2890
-7006;-3614;-3392
-6467;-6334;-133
-15582;-6822;-8760
-13684;-7399;-6285
-18029;-9225;-8804
-11478;-7623;-3855
-4829;-2692;-2137
-15728;-9662;-6066
-10421;-2605;-7816
-15910;-8225;-7685
-7887;-6113;-1774
-6678;-5980;-698
-8911;-8739;-172
-8190;-7996;-194
-7665;-1256;-6409
-5316;-3062;-2254
-2383;-1337;-1046
-15656;-5710;-9946
-12385;-9486;-2899
-17105;-8523;-8582
-6609;-3045;-3564
-13382;-4200;-9182
-5513;-3555;-1958
-8581;-3749;-4832
-12349;-4045;-8304
-11018;-8757;-2261
-1273;-944;-329
-8966;-4923;-4043
-14417;-6600;-7817
-16819;-8993;-7826
-11667;-6315;-5352
-15233;-7798;-7435
-11099;-9558;-1541
-13562;-8525;-5037
-15531;-9244;-6287
-12180;-8159;-4021
-9694;-8440;-1254
-12298;-2954;-9344
-8129;-2526;-5603
-10065;-8115;-1950
-4147;-1168;-2979
-14375;-8328;-6047
-10402;-3640;-6762
-8943;-360;-8583
-9422;-9135;-287
-12267;-8276;-3991
-9464;-2163;-7301
-7649;-5656;-1993
-14280;-5905;-8375
-11686;-5800;-5886
-6403;-2612;-3791
-5064;-4682;-382
-9476;-3635;-5841
-11329;-9582;-1747
-4053;-1445;-2608
-16248;-8506;-7742
-14458;-6647;-7811
-12997;-6995;-6002
-18427;-9288;-9139
-9650;-7914;-1736
-2525;-2239;-286
-6253;-3632;-2621
-14304;-7496;-6808
-4503;-1580;-2923
-13240;-3483;-9757
-4132;-26;-4106
-12592;-5274;-7318
-14451;-8352;-6099
-9251;-6692;-2559
-12003;-2025;-9978
-4931;-2573;-2358
-16206;-7353;-8853
-5442;-5242;-200
-9835;-6633;-3202
-11525;-6115;-5410
-17249;-8469;-8780
-14073;-9934;-4139
-9085;-5800;-3285
-15907;-6512;-9395
-16051;-9195;-6856
-10479;-8991;-1488
-12988;-7796;-5192
-12765;-5931;-6834
-15451;-8981;-6470
-7968;-7674;-294
-12073;-4667;-7406
-9059;-8674;-385
-10485;-4286;-6199
-474;-3;-471
-14544;-5730;-8814
-13310;-9757;-3553
-11833;-5947;-5886
-15637;-7179;-8458
-6979;-1048;-5931
-1446;-433;-1013
-17381;-8767;-8614
-11034;-4372;-6662
-7125;-1777;-5348
-14973;-5438;-9535
-8354;-7565;-789
-11098;-6385;-4713
-12637;-6907;-5730
-4795;-3272;-1523
-3608;-523;-3085
-11604;-4597;-7007
-16752;-7805;-8947
-13602;-6017;-7585
-10409;-2206;-8203
-13614;-3699;-9915
-11048;-7070;-3978
-9902;-8526;-1376
-10341;-4975;-5366
-9643;-4021;-5622
-5430;-2683;-2747
-15277;-8441;-6836
-10007;-9592;-415
-9167;-4358;-4809
-8208;-282;-7926
-12065;-4755;-7310
-11038;-6039;-4999
-9287;-1706;-7581
-7765;-2679;-5086
-3820;-656;-3164
-8499;-6728;-1771
-11612;-5325;-6287
-11438;-8137;-3301
-16029;-9991;-6038
-10039;-1905;-8134
-2370;-2088;-282
-13064;-5197;-7867
-9673;-3483;-6190
-4407;-1211;-3196
-6429;-2668;-3761
-7497;-4647;-2850
-6755;-3791;-2964
-17337;-7760;-9577
-7447;-1642;-5805
-3862;-999;-2863
-5454;-4672;-782
-9347;-7128;-2219
-12519;-4818;-7701
-14525;-6131;-8394
-11694;-5439;-6255
-16961;-7775;-9186
-12631;-6058;-6573
-15689;-6339;-9350
-5779;-2138;-3641
-8337;-8120;-217
-10255;-6587;-3668
-8011;-5878;-2133
-9157;-7657;-1500
-8017;-828;-7189
-17343;-9304;-8039
-7396;-49;-7347
-12654;-3287;-9367
-17418;-9403;-8015
-16093;-6633;-9460
-4515;-3199;-1316
-6820;-5186;-1634
-11827;-9615;-2212
-6505;-971;-5534
-16316;-9046;-7270
-14308;-8762;-5546
-9111;-2699;-6412
-15525;-7811;-7714
-14366;-5376;-8990
-2772;-1080;-1692
-14390;-6245;-8145
-8874;-7711;-1163
-12528;-4808;-7720
-15401;-9038;-6363
-16374;-9774;-6600
-3278;-2514;-764
-2007;-1744;-263
-5211;-2706;-2505
-3642;-2250;-1392
-9950;-8874;-1076
-8526;-5808;-2718
-6485;-5765;-720
-9465;-2346;-7119
-3949;-2869;-1080
-12030;-6274;-5756
-9774;-5980;-3794
-8343;-7434;-909
-12547;-5454;-7093
-10124;-574;-9550
-10152;-8884;-1268
-15060;-6255;-8805
-6378;-3168;-3210
-6657;-945;-5712
-12408;-3477;-8931
-5463;-372;-5091
-4375;-1142;-3233
-11034;-5287;-5747
-4598;-1919;-2679
-9616;-6741;-2875
-13665;-7367;-6298
-13859;-8992;-4867
-12133;-3619;-8514
-9391;-7754;-1637
-6058;-1151;-4907
-7650;-3695;-3955
-8317;-5674;-2643
-10727;-6911;-3816
-19395;-9846;-9549
-13572;-4115;-9457
-6467;-215;-6252
-10989;-8208;-2781
-7665;-6780;-885
-10928;-8257;-2671
-7909;-532;-7377
-10549;-7746;-2803
-17802;-8076;-9726
-15243;-8692;-6551
-8904;-2109;-6795
-10502;-5061;-5441
-11513;-1746;-9767
-6771;-3530;-3241
-8527;-6560;-1967
-11609;-4033;-7576
-11460;-6455;-5005
-11250;-5114;-6136
-5950;-513;-5437
-4445;-4133;-312
-8432;-1029;-7403
-10703;-9558;-1145
-3109;-1478;-1631
-5525;-1178;-4347
-10541;-5810;-4731
-11975;-5008;-6967
-7328;-891;-6437
-9374;-7639;-1735
-11047;-4963;-6084
-13365;-7585;-5780
-16544;-7603;-8941
-1049;-516;-533
-7591;-1352;-6239
-2048;-339;-1709
-8630;-4069;-4561
-9380;-1569;-7811
-11030;-8912;-2118
-4282;-2560;-1722
-5051;-1681;-3370
-5515;-2933;-2582
-6547;-2933;-3614
-11887;-7311;-4576
-8072;-8068;-4
-11837;-5446;-6391
-9926;-5082;-4844
-11830;-4416;-7414
-13693;-6946;-6747
-13802;-9385;-4417
-11767;-5728;-6039
-12411;-6338;-6073
-10596;-8492;-2104
-10755;-8681;-2074
-6887;-69;-6818
-13098;-6942;-6156
-5256;-649;-4607
-10216;-8438;-1778
-14643;-9103;-5540
-8165;-6732;-1433
-6921;-4676;-2245
-11486;-8773;-2713
-13402;-9610;-3792
